349.743295189
338.119930346
326.764618132
318.134280489
314.16772917
311.016886413
306.981851565
305.928600571
305.075110398
306.146808502
308.622398755
307.859755761
307.705844986
309.03602421
308.48622378
311.314236309
309.733996891
312.874238706
310.367497642
312.957330765
309.879068866
311.685912018
310.421344058
309.738084006
308.926022025
311.543223743
311.986257504
314.997051198
310.336920137
312.21479078
309.569522039
310.710663612
309.552829548
312.443985035
313.03737264
314.835031465
313.488597076
316.464093595
313.436682891
316.08439572
312.482518684
312.684848622
309.047776011
314.64194491
310.337328203
311.983455081
310.769142867
314.547171888
312.328629665
316.075907389
314.93541523
316.716365834
313.685999607
315.49044
311.965069896
319.198759666
314.027572617
313.900024102
309.728031641
312.819059878
311.765536909
315.376128442
313.696020332
318.676735076
315.162323809
316.408221376
313.574958053
316.711500781
314.416777983
314.602291831
311.446703105
314.959460668
311.770851062
316.732610342
314.602066667
317.280153789
315.029684112
316.306036682
315.356210019
317.262562784
314.148613286
315.237163119
312.913498154
313.70665056
312.335140885
315.044433092
311.258857346
313.994959742
311.631461497
316.610925278
315.223224205
317.07010135
312.739411893
312.971258439
311.003518973
314.900609636
312.244529807
315.105830944
311.440361018
314.641999422
311.096208364
315.683564033
312.993331771
315.449536039
313.468086705
314.269176539
311.168828493
313.550720276
312.607592952
314.490463524
311.590875806
314.289194677
310.67310561
315.414381195
314.04136561
316.526037888
313.655830995
316.589968349
312.575275573
313.451284152
311.517071537
313.267068902
309.692506589
312.082965915
311.861955413
318.687295706
318.938911517
324.603921343
324.836148248
332.431365046
337.132304272
340.890561374
338.430416367
344.913050224
341.832152192
345.488000432
343.515366566
348.466252252
350.562590123
352.53132011
352.844446507
356.061333328
349.321136314
350.712501144
345.965146217
349.323228941
344.489700937
346.963151829
343.418303211
347.778058417
345.797214777
347.27354264
342.867977932
345.508977061
342.410455928
345.48928586
340.781909967
338.948579252
333.531803566
333.125199359
331.198172131
330.098925072
326.318254875
327.658889988
323.128052122
324.520318218
320.382726404
322.73199289
319.518559935
323.872462487
323.029344267
327.767768791
329.861548735
337.117535792
342.307420532
345.10306286
344.594009999
346.916488584
344.231458105
344.287911428
343.566583376
347.094192952
344.071875811
347.606910369
349.402344511
352.299117657
350.813787584
350.617689465
354.22205971
356.117242452
356.246418
359.788823459
1.9572240169
5.14714930132
3.83299128237
9.27589567216
11.0106032846
15.7846834828
19.3809226309
23.2589342835
21.9994604754
26.7234813794
24.2814485644
29.7520310436
31.666751819
37.0973284805
36.3950951248
41.4427976736
45.5761020749
48.2079418727
48.6474262227
52.223043786
51.0147861382
54.5247979749
51.5791450757
56.3479665054
55.9045449654
59.6639767753
60.4517826482
65.018331165
67.5660238171
70.7550777222
73.6528801397
76.1964333282
79.1475441388
80.4169948403
80.6282106971
83.01303109
85.1619897916
88.0270416228
90.893166949
92.677942752
94.608945969
96.108373586
98.4440362295
100.003912488
101.222129968
101.170990939
102.235549859
103.778536666
105.377760172
107.570539672
109.106520607
111.453970233
112.468601012
114.111663016
115.353408885
114.810029248
113.035900767
111.660753488
112.629104375
113.510883434
114.692860129
116.324353987
117.559418651
119.269007258
119.840528379
120.334043316
119.591589303
119.284533485
118.099948345
117.895708063
118.183255087
119.786287203
120.389661304
119.515730222
120.301252465
120.740978828
120.517787048
120.12918112
120.243586389
120.073765256
119.768010118
121.114410849
122.818705927
124.238593109
126.640709644
127.978375563
129.279356586
130.692627121
131.963292798
132.738367204
133.924173731
135.551522992
137.460434062
140.724240197
143.333630265
146.580422469
149.902867155
152.803256264
155.613515491
158.144756881
159.948791683
162.212922017
164.089402009
166.873179276
170.439228031
173.523539897
176.851842854
180.170901714
183.218551986
185.711820332
188.242622476
189.99923178
191.90973959
193.645175859
195.961570298
198.847817894
201.789766293
204.372878695
207.587034502
209.360730007
210.399011392
212.027330998
212.68262674
213.924572952
215.129087566
216.97217505
219.248689736
220.882019649
222.615450356
223.331868562
224.333760083
224.31626981
224.083882892
223.677013065
224.269728623
224.145089553
224.169319596
225.130451182
225.098854699
225.390071909
225.11703082
225.053128456
224.316027253
222.998380383
221.756195813
220.140097473
219.37174156
218.054255332
217.554742935
216.231394312
214.226634478
212.028753791
209.596735178
206.474615995
203.149792385
200.345983169
197.080564253
193.898840492
191.18017682
187.324235665
183.629759406
179.683104908
175.368224385
170.740581454
166.149325484
162.134459156
159.205327631
156.624054602
154.617745925
152.919009658
151.422256196
150.959238865
148.571265884
145.855183947
143.390746477
141.367663702
139.929674587
139.40561161
138.793405287
138.979120488
138.44320839
138.614448177
138.175227119
137.263376434
136.279735521
135.620156296
135.944762925
136.524521591
137.866028161
138.85655611
139.751979398
140.356043103
138.059691949
137.444086116
136.171516002
135.415032759
135.272681673
135.1231358
134.979589799
134.97999393
135.688272301
135.494582477
134.532890046
133.235167956
132.156571407
130.85397841
129.816726087
129.028311022
128.279127996
127.552323842
126.507675312
122.860244924
114.663905631
110.921976768
102.275724972
96.9627210565
88.1978184992
77.9099391162
74.8626359296
65.1327789696
55.0902159297
51.9444528758
41.2794391502
31.4487480471
29.2347580836
23.8637478318
23.2899150644
19.9079540316
16.1183776471
6.31137876834
359.651640923
353.630849065
350.418570423
343.509449067
