350.324700529
338.998515957
325.501686199
312.149276383
299.237982064
286.908431628
275.037259796
263.930187988
253.439334183
243.662016299
235.07581434
227.238413077
220.519989856
214.382363909
209.376607369
205.376800498
201.918295846
198.979547018
196.891583187
194.362246332
193.188876675
191.008774618
189.61289706
188.146504968
186.313279723
185.4035815
183.721313956
182.362981663
181.863948437
181.541707102
180.330485496
178.5420736
177.086098247
176.462212241
175.148845977
174.085696081
174.003231358
172.555949098
170.232574805
168.61137243
167.468986536
166.139504363
164.927199985
163.264354013
162.110755823
161.344900071
159.37435595
158.378678849
156.091974124
154.366480577
154.511181236
152.481754325
151.837212438
150.325299249
148.954824104
148.169889122
146.342057569
144.973962464
143.169580848
141.286043309
139.452343023
138.216069452
137.777268064
136.166550027
135.785084651
134.076276235
131.900768809
130.977779945
130.02039627
128.601978173
126.879003491
124.740413442
122.729261336
121.676941603
118.784646136
117.419138779
115.654222515
112.587761565
110.455799129
107.453025904
104.926675345
102.216571494
100.704160034
98.9592484875
95.7306746967
92.758198035
89.7331094235
87.4635884231
87.3551823148
82.1515895655
79.3310871677
75.1923849474
73.3812895388
72.0197259314
69.6722183896
64.3468700614
60.5124546764
58.0996111314
56.28281021
53.3593118699
48.1963042933
45.3134466176
45.6078968995
40.219365864
39.6157808324
36.4340267339
30.1201205492
30.6304248502
29.8174317744
24.0105984278
23.5232827943
20.4008099369
13.401470634
16.8080017807
15.4113958964
8.69291171338
8.66441084739
5.39886074454
2.57985588186
0.261750488653
1.27458396788
351.452522037
355.791921319
350.676302111
352.487756265
350.198093824
347.450352259
344.086567551
344.021349178
341.686015173
343.638666907
338.372174901
337.997151317
337.142304383
338.495303699
334.132069458
336.955156982
327.988629626
321.34425109
326.706446304
321.663627962
321.119271675
319.590253219
318.417985876
314.206846823
313.673281443
309.046081058
309.651646045
306.622636248
298.967406199
294.16671599
290.087028353
287.617845997
288.857923707
283.340190154
280.56015747
276.56527186
274.12846961
270.712290537
266.253482767
263.240374324
258.43735863
255.434435488
250.722430235
247.092871076
245.298387341
240.287570259
236.257956114
232.770329065
229.916487083
226.169740289
222.699935658
219.811436416
217.273314468
214.637069288
212.706746703
210.849249313
209.349413376
206.981298135
205.39270124
204.453182529
202.566483458
200.485219763
200.045008987
197.860767372
196.036021591
195.642357267
193.404512263
191.524029923
190.28502788
188.795316259
188.74789086
187.650796331
186.359076782
184.535693227
183.46456823
182.820964731
182.072688442
180.11371393
178.857333396
177.376592056
175.71301759
175.285995587
173.53186614
172.30934423
170.899326937
170.16620135
168.715580128
167.378493684
166.478386492
165.240425935
164.045063906
163.436949046
161.500745642
160.936668067
158.852887189
156.530689763
155.223957704
154.059431173
153.253116723
151.654129199
149.743230856
148.662960748
146.685765742
145.227695477
143.184288401
142.335224252
140.272117833
139.09497598
136.847708116
136.851077809
135.638697742
133.423412834
132.515119135
131.265109227
129.878486447
128.594703901
127.494823303
125.902971413
124.263966655
121.795296846
119.628888865
117.792046862
114.433420955
112.447050973
109.650739713
107.465875978
107.050885273
104.155456127
101.803422312
99.4791612403
96.9585104785
93.7065454629
92.2706204717
88.0190349876
85.4629087285
82.6694882458
77.6829574132
77.4239981143
75.675996096
72.5714738906
69.1141135715
64.3939105785
64.9076275639
59.8656817346
56.5524999237
56.8522392926
50.9061451025
50.7760391579
45.5375425575
46.157211459
39.7685821856
36.7093520019
29.3328172416
33.1403603947
29.4852010884
27.8695223924
25.8450649326
17.046965991
21.9088942838
18.8500116167
13.3060291602
14.3947625348
8.33378381975
9.75542863181
4.90872693127
3.97788476578
2.38548775989
359.524738063
358.116167455
352.095876768
357.520828345
351.473578243
342.936498452
347.756548722
347.892335571
344.450128763
340.389616108
345.298404802
338.014251764
337.174096525
335.077366755
334.93542178
334.19908606
331.257722853
334.545943502
331.658140968
326.036765162
322.262629587
321.604008622
317.089021332
317.263332443
316.783292844
315.435535654
311.8534099
307.828729107
301.18083551
300.497172962
296.384606088
294.773703156
290.781864542
283.814424148
278.332530081
273.001665857
269.729960681
268.101771712
263.243247716
258.9898265
255.082201997
252.00067129
248.987878893
247.261311529
243.239620972
240.312190681
236.548430123
233.156998771
229.931611354
227.238192942
224.189394881
221.948566517
219.752229233
217.156956659
215.819044598
211.805407126
210.032990053
207.217546404
205.277149208
203.773240675
202.63844697
201.804314046
199.903224367
197.708904416
195.997480193
194.536224393
193.27816496
192.135562973
191.26289898
190.80041987
