13.8042331943
26.8856701138
37.0939866901
41.444076585
37.4093785001
40.3966856495
37.4682390387
42.283562412
39.0161001916
42.5853710222
36.7165430925
40.4811865084
36.4266778651
41.9143837428
38.2522282454
42.4253307035
37.5358426922
40.4190460014
36.6502643568
41.045993903
38.7270701741
42.9174017756
42.4022750493
41.6801729362
43.4176795259
40.6899998938
41.4775612816
42.4602429845
43.7865463791
43.677290012
45.0700143269
41.214339931
45.1586878962
42.6190301304
44.4239141141
40.823480144
42.1844431827
43.5536128414
41.6391645803
41.346955355
42.0479841352
41.6919060295
42.1553129899
40.6454711857
43.7855893637
38.5860655792
40.5860098804
41.6278126497
41.8205817908
43.9857192793
41.0473339163
43.2964605674
39.365554473
44.7750181439
43.0964908983
46.8375475045
38.7639480088
41.1595280936
43.6110261885
41.3029793196
45.7058946409
42.6405287543
42.5886605227
42.9704424709
43.6586548477
44.4913601451
42.6092743061
44.7628361389
45.5124418535
40.0529586721
45.4917447131
39.9675703611
43.6162247519
43.0948754485
44.8777435647
45.8408333316
43.4599180393
44.1300374409
42.9364437428
42.5658523533
41.3541653032
45.2285610298
45.9996177372
43.4363315203
44.0002744254
46.6799449273
41.9745274001
42.8368435152
43.909956117
44.3956760045
41.6880178488
44.6502009048
43.9462705589
43.408861153
42.9003609639
45.6767202896
43.5976649519
43.9903036696
44.6865851148
45.6246593325
46.217793626
41.1272312063
46.688848994
43.6784253849
47.1040426448
39.2432721117
42.261677668
44.5338747905
41.8595880169
48.0441641263
46.3768566547
45.3556249948
43.6119504982
44.7271881054
44.7364121817
41.6409199193
42.9115460055
44.012628691
43.1985074806
45.5092677761
43.3850318767
43.8093012242
39.8601712691
40.4105139967
38.3273492925
38.6511324126
37.4588492715
35.6044825419
35.6508958144
34.6462568161
37.1048781523
30.7539325232
31.7102953347
33.4383258158
28.5515051715
33.3172931842
29.5603372878
32.2953074383
29.2244526189
32.7567630586
29.5044548529
34.884797672
27.9930698665
32.2020633089
29.6299549222
35.8438941461
33.6043733066
35.6643829614
32.6931820806
36.2717695739
32.5292465722
38.1340807043
37.1548923355
39.7541203809
37.8730301968
42.3905207118
38.183352079
43.2015530701
38.9882010137
43.0471980118
41.688401834
45.4084102071
41.1417313107
46.0965688266
44.818239514
48.6412609877
46.4380303333
51.3384845278
47.7944291755
51.121086571
49.1053330437
53.5505258374
49.1294494263
52.0397971599
50.9603644627
53.5094278061
50.8572161282
53.6049169733
49.1631384107
51.5112035123
48.1852110816
51.6701495902
46.5131990954
49.5097116995
46.206014404
48.6657230174
45.8223578712
47.6240201142
42.0761317632
45.1655594253
43.4092846326
45.1816316296
41.5833944705
45.6461221773
40.9006990412
46.6858318631
51.1630001304
51.6652875235
57.2909416112
55.8931274552
59.6646092591
57.8128111699
59.0124516714
56.6673099792
56.8845070234
55.4459083267
57.5807771
53.6059969685
54.4938575709
52.6239758727
54.90018346
52.6611011485
56.0450260697
51.7093930976
54.6092840292
52.8702197722
51.7315798152
53.0389756585
49.9947149098
53.3969650977
47.9172657745
51.4245761224
45.1528402565
50.7827046804
52.1147066236
49.5111531421
52.1238937746
47.9983523166
48.2346526058
50.8779685466
47.6281391836
50.4876255358
49.7510446353
51.0551823549
48.0995512841
52.5207113324
48.300408603
51.6485919078
50.570722821
53.1457254529
50.0683310066
53.2108374028
48.3723489036
53.2702601472
53.4308170878
54.6149069953
51.9543218887
54.5960119494
53.0127083282
56.4418289922
53.288230581
58.9631519457
55.4339089309
57.3564249679
56.7858132049
59.9673375634
59.7679526775
62.9442065525
60.0811098989
62.2974018012
58.5530524422
62.2989759713
58.0421391056
60.1260999828
61.7032658267
62.0430222684
63.7513640649
62.6374395221
63.2528564419
62.0937999358
63.6364751835
62.7268798221
62.3030353955
65.5622840105
62.0440045355
63.1964558277
61.5688467223
63.1312690188
64.5836394639
61.3601434272
62.366135476
62.823157597
64.8326504659
62.4717580284
60.2320277721
62.9528078835
60.8977803914
63.6861708643
60.6084599236
63.1217411646
62.2285685845
64.8351496628
60.6217371113
64.8203774147
64.5503275983
66.3833773816
67.0660641945
67.2042788259
69.406374848
69.1862968119
68.3674057307
70.7435785641
74.6336449876
74.0615035111
73.9743525717
71.7234011994
75.018028827
73.7279855376
73.628025462
75.7155523805
75.0556834303
75.4986824796
74.6172497127
75.2512661924
75.2376501594
77.6064367731
79.0808407503
78.6913971774
77.9136848728
78.1453176055
78.2691242516
77.6631284652
77.9785891654
77.7368245568
77.5856581131
76.2570152237
77.491033762
79.2932278064
76.0524685948
76.2741353141
76.8655446847
76.3625464763
77.1149468338
74.5444171621
75.7361140803
75.6943061753
77.0592970884
75.3253696442
75.8367117803
73.4966822016
74.5324254321
73.2024709424
72.458056197
70.4939526838
72.3378325223
69.9621768587
72.6404359344
68.6377466488
70.2691096611
67.0741780387
68.5481296143
66.2623549403
68.6462133753
66.3134796515
70.2413786703
68.0819490214
67.2786693198
69.1824144375
67.4653919079
67.589034621
