12.2809765186
25.6513344864
37.0476881064
46.6443508139
53.9978880678
59.0957231673
59.8726897166
59.5694612064
62.6754161693
62.850214336
61.7294532966
61.5705092463
60.3344821937
61.5851949355
60.5647625533
61.2687091668
60.747445892
62.4338476415
58.5452811546
62.2521700334
61.4969945029
62.1843354369
61.3579625029
63.1677363301
61.9395404343
63.7908399409
61.7313316434
62.874766815
62.5432639255
61.1339064121
60.604092814
61.135333298
61.1362436526
61.5618215581
59.9254956543
62.5947767306
59.0139836642
62.30230872
62.6157878001
63.5736578767
61.071837489
63.4231107112
63.6043688869
63.3304683583
61.8519424922
60.9803388259
63.2968940418
64.5794140986
62.5346536747
63.1474855253
62.7982956987
61.083599223
64.3641733959
62.5486895501
64.7004211875
65.2124365201
64.0489431705
61.5578480959
60.5369592818
63.0172372586
62.4747381172
61.0895219841
62.437716821
63.9668484693
63.8250134036
65.036597772
64.2710553171
62.8466516498
63.8964321991
62.5585862303
63.2683160452
61.6639537265
62.834905408
63.2263761003
63.537608935
62.7647154633
62.310170779
65.265156322
64.1949167193
63.6682303218
63.0750713187
64.4970391306
64.5031646954
63.4898544386
63.7454579133
65.1602470852
66.2384911307
62.9152359669
65.2277797804
64.9389502273
64.7724937312
62.8701341085
64.5929454674
62.3912191703
65.5425701421
62.5029418116
64.2613900886
62.3562399987
63.2066637597
64.4776277351
65.0202956396
67.4015219835
62.4229694495
63.5180647643
62.7590437686
65.4778621128
64.9532822189
63.9484481922
62.572701859
61.5777298487
61.712439912
62.5571238507
62.9700901552
64.7374376642
64.3615863889
62.4380648343
62.8178352699
62.9967799203
64.2033554412
63.028908454
63.1808798409
63.7794116673
64.8977163755
62.8234015206
62.0671254061
62.0473165805
62.8575228684
60.8232743103
61.1197520392
64.5365738762
63.3570845071
64.4766140527
65.6135971174
69.380584669
65.3117169851
67.1666917243
68.1025198819
66.617752006
67.871020203
69.2854809909
67.7749802017
65.8367150194
64.7127251346
65.1808468474
64.3573240211
65.2503658739
64.5209727991
65.2788579775
64.4436681821
66.017136187
66.9667814086
67.2521533967
63.9365097619
66.0808107019
64.822615959
64.4519509862
64.4807030822
65.1643560106
63.7175203276
61.9201315993
61.7570223666
63.3194807034
62.5143293196
64.340856424
63.5008652565
63.4718896033
62.916368476
63.9531992053
62.768915136
61.5917866121
61.1383889556
56.5562267845
60.5259086992
62.7185986724
59.5438058959
61.8312611973
63.0025044937
62.8069193398
63.5794406991
61.3129833366
60.9484363865
59.5868237079
60.8238568479
55.9260728064
57.80360891
58.5603158936
61.3860838066
57.9937818441
57.1190825963
61.2369197805
59.5251805499
59.7520021382
62.8373117932
62.7311976319
62.5269901508
62.0981793754
62.652180402
58.0600993137
60.5010865297
58.7710907861
59.9232106507
58.833131583
62.6992121727
57.9267964063
63.3153212034
61.5743741658
62.917331113
64.1742133973
62.2875990999
62.9835622057
62.4458910235
62.7990972699
60.4685844902
63.5907265688
59.9105565908
63.3761783698
63.3510928699
65.6616733372
64.1442951584
62.5965072357
64.5075748507
63.6784022867
59.9642169932
63.8386364691
63.5252106663
61.1054741836
58.6619387182
61.575700829
59.39351025
62.9438645053
58.891999709
63.9071807966
62.5653191048
61.37271117
64.0927381853
63.4801062032
59.0921226507
61.2157380537
62.1343120113
60.6754520809
61.8641632384
61.6433444808
62.8995534546
61.6485740303
64.1621647092
64.6135357829
66.5253030652
67.5714771453
66.05187574
66.4813401496
63.9693326202
63.226090498
63.6229463157
61.906340366
60.3856629733
63.5778766711
59.8321032281
64.2808172613
64.3959270544
65.3924562027
67.7898416645
67.7388954037
62.9380658065
62.7939147518
59.0864651289
61.0566221292
60.4644758196
62.7777319518
62.7216462574
65.6263316039
63.9995885339
65.7272726515
65.6514753488
64.8885829309
62.1197440079
63.8194019889
59.1332124817
60.7536110556
59.614126021
62.8182533984
61.5248233076
65.9232269994
65.4691165522
65.4837983837
65.1134429734
64.0704507345
59.1875080017
62.2371888765
64.3206625504
61.72764092
64.5727033174
64.5555031315
66.6752433506
64.2637690713
67.0890524642
68.4763793956
67.2575948936
69.8122659414
66.2837688088
65.5015680346
64.8283733567
63.9999977418
63.5114608633
65.7098093394
66.9837769857
67.8191994126
65.9714984673
67.5624294766
68.0515255548
67.5946002603
69.7280514257
67.7264694895
66.8766696772
66.3143641534
66.6341850227
63.2452731975
67.3542170025
63.9096586058
66.2234732637
65.6115571355
67.102300885
66.8821149244
66.6051173552
67.5528738015
68.5942232664
65.5256539581
63.156147312
61.2724004739
61.4206024695
66.0679507171
62.0292713909
64.4636281048
62.6388774164
64.4620721299
65.4371037952
66.0997303978
63.0158423103
62.6698048483
64.3863872876
61.5997883297
62.7457033633
60.841254668
62.8011145375
61.082259212
65.551329113
62.0514441566
63.1673101105
65.557691429
64.2631549204
64.8312373865
62.9187670307
62.6899987209
61.6291225768
63.5151691022
61.247697164
63.0709243337
59.5469743699
61.9573627849
61.947156355
59.458357827
62.7205304899
61.2815300851
62.7296391723
59.4569467579
59.2646386714
56.6498785215
58.4465867786
53.8051874066
55.7734039047
52.9776055907
52.7703236256
51.2411974797
52.3392055737
50.6259471183
52.5900001301
51.6133047233
52.864476226
51.0994496223
51.4223294798
49.3666954006
48.2665680324
