13.7216497681
26.7636476754
37.7128137671
45.6722683049
51.2436926778
49.0977325389
51.4000141588
47.9736370657
53.2862583268
48.5599842127
52.7208030068
48.5740996605
52.0830153828
48.275854475
53.1020525652
49.3810658673
51.9795908968
48.3012438825
51.940874826
48.4334035999
47.6614856514
51.7274535739
53.7529206605
53.2300182334
51.5935759425
53.4174037437
52.2670448364
52.5960580609
49.9451200405
52.3561157669
48.8612319256
51.722576894
48.8111772349
51.299336287
50.5416919333
50.5140012661
51.2656540882
47.6142612148
51.6855619566
47.2111269692
48.9128484097
46.3562508215
49.6612622352
44.8469803455
47.7473708267
43.765282456
48.8312198332
44.9551848587
48.647579023
45.330924816
46.8141378612
43.5088934476
50.2527290353
44.051108724
48.3982166946
44.7705933803
45.6009513599
46.6840700507
44.9650012947
49.8017647438
43.7043275914
46.3364226025
42.0132463958
46.9403485599
44.3060035562
44.3063385848
44.7887087017
42.9501520564
44.9243494818
43.5217629048
46.3683781742
43.5064149705
46.5932690144
42.8987120513
47.2692690157
44.1425287015
46.1613377874
46.7882088629
43.6942955522
48.3208514292
47.897657873
46.6761877443
47.4565395718
44.8176468609
46.2160972222
48.1636914532
44.2619523719
46.9756462548
45.8991417617
48.8351801559
46.4100862001
49.9760357587
44.6041133468
49.8324589525
46.0353979228
49.9384107794
46.2142916071
51.3117645949
44.0709552482
47.9101513888
45.366758333
49.5491973286
44.4101591989
48.3558307018
46.0890826794
49.8871893671
47.1600193842
51.1522700177
47.6804353743
52.3139918332
48.4897750853
52.5431420167
50.2611436426
51.3013698553
49.8201405681
51.6664103208
51.6233178719
54.8483566982
50.9096107812
55.7029498278
51.7572683912
56.4812821155
56.9712915281
57.2315889581
55.12234444
58.4791110157
59.091567894
59.0012854068
58.1323930061
62.5540911467
58.8601728025
62.8656269905
58.5687009271
63.2538657874
60.0747562936
63.7177137333
61.3823243471
64.6853957346
63.5067221402
68.4004770204
61.9431547372
65.8012123762
62.7805814591
68.148965898
64.8614279242
68.854096171
65.9459039116
70.9361614964
69.0180702069
73.2540344428
72.117148324
75.9334197364
75.1579704694
78.8487752057
76.9636893068
80.1575497995
77.7809111432
82.689892838
79.8150149022
84.3950337446
80.84970908
84.566958965
80.209069944
82.0717658446
78.5833348879
80.2022100051
77.8848734873
76.9254957244
75.044439304
76.7439649257
72.9809680993
74.1840555129
68.8485606992
72.6016073038
68.2641160383
72.3653078915
69.6732358121
67.9496511083
66.6155486748
68.9414794404
63.2370743773
66.8868641032
66.4112722397
65.4845517127
64.9138239899
64.9171257962
61.04950859
65.3983421741
60.4805718256
63.6718360662
59.1895788395
63.4295350247
58.8884741714
60.6692029912
58.3411981736
61.7267221159
57.7118589879
59.3695445031
56.5067167385
58.146429923
53.7648942875
56.1447414398
53.9555139004
56.2931960749
55.5667603528
55.3525130688
54.9446383642
55.9195451481
53.9386388911
53.0772137088
56.9771985248
54.279185149
59.2669795068
53.6849691451
54.5608790057
58.3631237715
55.6357158793
58.8145580941
61.1220407171
57.4022282428
59.0577869647
55.3274172779
58.8618747147
55.1776949844
60.3845784989
58.8713455343
56.7014939246
58.8867122613
55.1654771962
57.8514174811
53.8631530184
56.9484937826
53.7743549424
58.6993453074
50.4362091003
55.0992512776
53.3675582496
55.1568015947
54.2465692762
56.6095280175
53.3217679465
56.5913344417
52.4398306094
55.3471595279
56.4738596133
53.5127458028
56.7671802566
52.1724386953
56.6041398721
53.1267328453
56.6666205029
55.1081045336
57.7456143974
55.658727888
54.8836755477
56.7568222665
57.6862781122
53.9220738532
56.4229212408
54.2060748245
57.6754600466
55.1653097299
58.6273745405
54.4493808299
59.4071369266
55.5254034415
59.6490349534
56.8084753304
59.9358712427
57.0159144969
60.2676132243
56.0877338335
60.8804509826
57.2900998412
59.3633507055
57.15728832
59.2367044658
54.7173689244
59.5123061274
56.2420898624
60.3504769786
57.6440223159
59.0271848238
56.4288515979
59.4529883232
57.8038073233
58.226894572
60.3178390711
54.206804353
59.1533488608
55.3935212047
58.3258923805
58.6228154394
60.8166512933
61.7664832934
57.2566523072
61.8340511049
59.0722499354
58.1896371493
57.6547837688
60.99712456
57.9211536863
60.0908657645
57.5263719396
57.3979179505
55.4731054004
59.5375886726
56.3611331762
60.2339541259
57.8368407479
61.4063819526
59.2321341114
62.0379124308
56.6355912113
