348.307405778
335.567204535
322.830273286
310.536809051
298.752700016
287.967783945
278.18245207
269.242195183
261.322077705
254.03515024
248.005466253
242.60002544
238.223871018
234.727356445
231.942134372
229.213663007
227.345198502
225.778176286
223.925003225
222.881007627
221.470208845
220.088913608
218.424766846
216.88684929
215.181985985
213.646335629
211.74189098
210.256260691
208.695848182
206.644242314
204.868699349
203.142255515
201.383772084
199.363789026
197.763360594
196.001405928
194.054068007
192.25000629
190.368452854
188.879315305
187.017768002
185.461643999
183.597232201
181.522943055
178.97889913
177.743776909
175.515845446
173.116281549
170.821713619
168.858518164
166.964372574
164.50999
162.156085635
159.343585741
156.870664804
154.071023629
152.670549331
149.925126163
147.021305099
144.672490874
142.097440866
140.185635798
137.795877993
135.308011609
133.040166393
129.879448576
127.788359624
125.91301214
122.697283907
118.899384658
116.469067338
113.775334575
111.732943922
109.748882296
107.478482194
105.054688586
102.65015586
99.3908575683
95.9311520598
92.790589316
89.0844464906
86.055868729
84.1246162798
82.2883488155
77.9845650616
75.8393271756
75.1811029058
71.972267669
69.3709603765
67.8092538108
61.9697508856
62.3659744738
60.9675927739
59.3731031505
55.4305527271
56.2054047743
51.4818290418
52.1418728763
47.0338389381
46.7181435001
44.1723407033
42.5844681974
36.6830281518
39.3745787836
36.2326819635
33.954596144
31.0099344461
31.6066203691
26.5721363563
26.869085331
21.5915982316
22.0480891076
16.9238835238
14.1173322038
7.23959534991
10.4872643517
6.37657756424
6.83677745857
1.86321378071
2.1947370153
359.155837155
356.343247447
353.016102112
355.357575293
350.663768393
347.986308928
345.95965929
346.373946939
342.595128879
341.784167262
337.251906768
339.140776108
334.984648305
335.838013818
329.874453215
326.127259958
323.0462126
322.466697523
319.095805014
318.076365258
314.444118585
314.170129714
309.592836547
309.812761998
306.11987435
306.240220542
302.597243438
299.925040301
298.941809702
296.400475822
295.11075592
292.159522612
290.296662768
287.480468208
285.125751048
283.620370518
281.990357422
279.745188245
278.106018703
275.956050261
273.34790093
271.455404268
269.092226922
267.389495626
265.874223788
263.182352926
261.21532727
259.295235868
257.380764044
255.956428954
253.893802683
251.857685551
250.402504899
248.088960722
245.741093972
243.879581566
242.091120091
240.203153011
238.718618931
236.826331993
235.405289634
233.216276248
231.133136111
229.521971315
227.717429163
225.884169162
224.145730547
222.261513697
220.095027188
218.585455355
216.627796222
215.112607294
213.701453434
211.925185458
210.237519641
208.606674822
206.573437867
205.035370897
203.548168994
201.761691806
200.114140501
198.318308957
196.888318346
195.149986226
193.384060768
191.222625248
189.306713974
187.742543603
186.00164527
183.871668969
181.152193091
179.309250265
177.152589767
174.600585033
172.419541813
170.407820769
168.005307599
165.927006981
163.002540197
160.57842126
157.965759035
155.511318693
153.026813584
150.767383383
147.962117474
145.952339378
143.825357998
141.593861568
139.308320811
136.476807091
134.639541048
132.332101149
130.241461185
128.121483239
125.132603758
123.346548246
120.287242444
117.829706467
115.960650007
113.536282123
111.137439394
109.16572966
105.929930501
103.092941886
100.82121866
97.6026537604
92.845382752
91.6378311704
88.246639266
84.5133888594
81.3289729259
80.43419513
79.2405100982
74.6697598507
72.3127745992
70.6080969685
67.5631086123
64.9351613581
64.6738558579
59.3235195985
57.9021559674
56.4418670095
55.8515944277
50.9538329165
49.4108133718
47.2587439056
48.4162849097
42.589061995
39.5696031009
38.1678417857
36.9555836812
34.2391600833
34.2696174025
29.7649901323
30.7281097226
25.3263718836
26.7415197445
21.2090980013
16.8151427929
15.6696154541
17.1268484979
13.2347896639
13.9342377236
9.22880019101
6.97286103455
4.3557013347
4.69401284155
1.11780193177
358.347075461
358.415116383
350.106590631
353.503236554
349.135250021
351.011768977
346.558994026
342.546086944
338.232353073
339.985394079
334.719688466
338.070936979
332.165664913
331.93679396
326.889338218
323.898442115
321.067271233
323.028291625
318.278136732
317.148048476
314.947840491
313.083420705
311.083378204
307.605302705
306.075844113
302.260896239
302.382094292
298.50521548
296.153886764
293.938767936
290.8132006
289.62892722
287.079647106
286.08358049
284.976219098
281.941997438
280.603155694
278.198365336
276.658187749
274.085614343
272.520687637
269.757634231
267.840120423
265.806622938
264.232180896
262.665922944
259.811859432
257.9214355
256.015226959
254.761006038
252.759682994
250.99766047
249.52316639
247.527324008
245.162410934
243.395312509
242.235716648
240.107020991
238.035652551
236.245919061
235.054240839
233.238080483
230.953162537
228.70493572
226.856744003
225.14098849
223.46073476
222.458558263
220.465815794
219.083319912
217.196266633
215.456786493
213.510002165
211.883676386
209.694733441
208.170554277
206.434427021
204.559053439
202.66562794
201.166303785
198.83855287
196.882335187
194.741630749
193.38426662
191.590810126
189.373817639
187.726841805
185.745481494
183.533220966
181.483810611
179.467492737
177.064094696
175.254735457
173.322946801
171.356110186
168.779925182
166.415420597
164.741787257
162.21925015
160.720707444
158.618123131
156.461989863
153.582055972
151.408182261
149.273577427
147.270385491
144.227934071
142.011996608
140.103009678
137.506460349
135.131167623
133.210958469
130.618062569
127.551993527
125.255069978
122.266330946
120.298311679
118.327352687
115.669792839
113.538272522
109.581638844
107.001013139
103.723635576
100.941213039
99.0417176163
97.3446971473
93.3886461992
90.3044280746
88.4011156407
84.1871785569
82.1495314542
78.8839390994
76.8377653809
73.6531123217
71.4309845861
67.5663681073
65.6233475594
63.2262226423
60.212514369
59.4939894632
56.7629658727
55.5538515086
51.9703092537
51.0488181524
48.9548247463
48.0850509115
44.2839116348
45.7345180768
41.5883876425
40.1983532641
36.4487778332
36.0464703471
32.6866380699
33.2778027004
30.0670291521
27.4370013311
25.5668287753
21.9456603517
21.378052046
20.3039442996
15.7628387691
12.0998242411
11.8604678657
8.65013529401
9.18020983973
4.50045390331
3.35919014664
359.464281859
358.617631991
355.371901214
354.947924222
351.959561522
350.792814135
345.628286724
344.557420602
342.318896863
339.137025345
339.464487754
337.929185615
335.239237968
330.213851404
330.769107128
327.856832218
325.203086126
321.465753947
320.810689565
317.29937703
315.645269659
313.618595763
310.571077126
306.953804019
309.816890622
304.556569114
301.507320138
300.104225633
299.272733373
295.553854903
294.651493956
291.735493564
289.230208426
287.45232337
285.056552886
283.928898125
282.033009654
279.542939396
277.744494395
275.992170161
273.106109044
271.555665072
269.80125688
267.725467879
266.616172795
264.612008936
262.938409575
261.089337108
258.97351094
257.041178094
255.02871428
253.100616236
251.207973885
249.821162555
247.309217484
245.213224665
243.150110114
241.417675705
239.494171773
237.762338158
236.225941575
234.406036633
232.480005027
230.758445365
228.83110154
227.223365586
225.332847364
223.225900215
221.367204229
219.3476706
218.159239305
216.106429616
214.381694606
212.203652238
210.33548545
208.613885009
206.30958829
204.749972217
