353.303194266
342.452290631
335.650174635
325.987310701
321.639679185
313.4138927
312.191303657
305.451442354
304.139295338
297.638083169
295.59134665
290.889330768
290.947581879
287.014137805
288.25129468
284.270083832
285.238464589
280.685756843
283.842016808
278.801021412
283.908029905
280.355943271
283.567111445
279.169492757
283.783302962
279.682733103
278.418389505
279.850899028
278.359175913
280.231864059
279.933103049
284.568338479
280.288296978
278.795600323
281.24530366
281.341107512
280.241098928
281.59101705
279.660225604
281.21997734
289.08726612
284.420726873
284.243808912
286.181841512
284.25013347
284.854150145
285.558652866
282.763911333
279.403486004
283.215460936
279.964856507
284.75560753
280.857091297
281.154908772
281.445733388
277.247059233
281.946986605
279.284194954
279.552897354
281.393527439
281.046643505
282.683573871
278.400833979
278.331340922
278.354492343
278.266916756
278.304751024
280.058837277
276.259854136
276.573280669
274.972940887
277.44131687
277.186913952
278.68254952
281.032397303
276.32746341
275.689256725
274.361660657
276.837074342
273.411537129
275.109641516
275.046309922
272.141329921
274.612337593
272.113387762
268.744571792
269.559956198
272.784129028
271.672992051
269.294339887
268.913229097
268.773461831
267.864022122
269.13759411
268.219503651
268.103753524
266.685373052
268.453696873
264.89579784
263.954700464
267.219571875
262.560039623
262.276586883
263.421543049
263.061152257
260.629503496
260.841232034
262.894363091
262.187542615
257.976840369
258.134484403
259.173216315
256.189011522
255.327455081
254.832934597
253.090191541
254.282680555
252.788514658
252.569023283
253.431499342
253.283817833
254.555477321
253.221667562
254.976768182
254.585292949
252.535439538
252.791109246
251.576319143
252.20352251
251.28782289
249.625947143
249.79058777
250.931637556
250.803293466
251.436889882
251.162269678
250.798062517
250.214778423
249.140586496
248.225987699
247.644120257
246.672987132
245.881949675
246.148593969
245.96325792
245.880491303
244.00146683
243.665769639
242.457617663
241.505233501
241.056454182
241.369948065
241.479014336
240.466934772
239.01638356
238.661254609
238.610452356
239.622859895
238.509933315
237.932033934
236.917442783
237.001224346
236.886884859
236.956446672
236.759610232
235.630568527
234.596907789
235.175426897
235.156135132
234.461102495
233.628945365
233.311479368
233.711135282
232.944820194
232.539886121
232.435390438
231.834061847
231.792002669
230.775866805
230.173888562
230.696006383
230.734254421
229.594351975
230.230746507
229.654029328
229.484854663
229.508632512
228.398826137
229.069013154
227.818251229
226.520942478
225.880235835
225.730512611
223.810752454
223.42442951
221.86721644
220.683155524
218.676075404
218.052774249
216.930770591
215.595747593
214.376797731
212.685649941
210.990714975
209.243228257
207.901718645
206.917763635
205.309869852
203.703381477
201.639997029
200.000220366
198.757737841
197.187980578
195.852658674
195.500120481
193.897218663
193.180745862
192.550491469
191.363196785
190.960312053
189.801537505
189.03987317
189.429759161
188.809115894
188.196896931
187.976998317
187.26138312
186.747252063
186.511174256
186.666797343
186.309612586
186.343683743
185.622469333
185.758670996
186.123779321
186.029425059
185.929800604
185.845479177
185.705962521
185.341927319
185.278101511
184.953751083
184.637174705
184.70287788
184.347292034
184.237107092
184.660937969
184.470452316
184.840518879
185.036076109
185.259408593
185.270657248
185.504712539
187.115930643
187.696284491
187.213980275
187.384502805
187.019468642
187.413901346
187.775181932
188.161048997
189.801148697
189.560984558
189.68695479
190.238548371
189.989497181
190.297821658
191.303445828
191.547299091
192.156959893
192.077878743
192.66100899
192.471232538
192.043518402
192.98299595
192.780846916
192.390536787
192.642213745
193.36128273
192.835246436
193.004595229
192.409986411
192.274840338
192.254950766
192.56748275
192.218751899
192.01239488
191.651255272
191.03553417
191.56561152
191.53907055
191.585441363
191.228808953
190.979016921
191.144989222
190.899970723
191.009183777
191.29064436
190.832032499
191.216791495
191.507382091
191.753610747
191.748296885
191.972107103
192.038412821
192.514029713
192.736640781
192.387566395
192.991569012
192.687249956
193.116896069
193.441431413
193.673940188
193.814133775
193.833674453
194.05620195
194.649281354
194.600599593
194.486186651
194.714653609
194.732396237
194.71118756
193.823233223
194.24040166
193.591373464
193.074155244
193.119200233
193.162512842
193.127980423
192.679202842
191.977815053
192.267134109
193.010737432
192.356465747
192.024242354
191.397695124
191.476709623
191.427879368
191.053299858
190.670324393
189.848105738
189.669675413
188.98490933
188.709041564
188.279350473
188.082727896
188.765189458
188.124897747
188.249389882
188.426162212
188.054138715
187.841704089
188.170764942
188.263995216
187.811253833
187.380232031
188.17863282
188.063786008
188.196999692
189.026637141
188.158294094
188.278974077
188.397933855
188.300148008
188.10634996
188.542346544
188.585502304
187.83422599
188.077878903
187.968571332
187.567750383
187.370399131
187.534266649
187.292323074
187.194398042
187.166222386
186.840445767
186.385943679
186.080918734
185.840311668
185.934711086
185.562086122
185.345223277
185.316714536
185.099301662
184.598589368
183.956887182
183.606180144
183.814632819
183.706372874
183.717261913
183.257058408
183.00539936
183.176035541
183.2541543
183.595911073
183.534849707
183.796052796
183.99634838
183.433900989
183.639472474
183.953692237
184.19210028
183.988595884
184.084483706
183.366246793
183.698400911
184.25904702
183.659173376
183.92637667
184.185016561
183.744727031
183.750828975
183.627352335
183.340263765
183.665743577
183.96000608
184.415179827
185.534421311
185.417716882
185.413622283
185.350546602
185.446030497
185.789795276
185.651799304
185.706994719
186.508431023
186.538225088
187.098422017
187.669338437
187.767567149
188.183502309
188.184434215
187.84523387
188.231375816
188.243129037
188.158733509
187.834246678
187.693897413
187.71907012
187.964310886
187.90711702
188.043231555
187.713572313
187.677702783
187.44390104
187.441660702
187.407345241
187.663555742
187.403508013
187.323781704
187.58622352
187.547763162
187.653178712
187.934970561
187.828730483
187.50588338
187.630870124
187.301236477
187.233287796
187.429543959
187.573610057
187.7260917
187.963380698
187.717370146
187.924454469
188.18605991
187.651936658
187.755870219
187.557791838
187.768890095
187.898638075
187.978098242
187.666625944
187.548792147
187.3161725
187.490884308
187.341338134
187.62018482
187.628615563
187.58720462
187.764911178
187.777004299
187.616779452
187.899272922
188.086507466
187.819733091
187.973814896
188.0039072
188.238518305
188.285684885
188.365052368
188.158237121
187.929272748
188.039276419
188.705348726
189.276774334
189.679511296
189.545344424
188.979562039
189.283722795
189.715000238
189.799445222
190.507309519
190.188239583
189.552899951
189.176360125
189.236350377
188.741146775
188.019727338
187.995152982
188.263057035
188.368268479
187.075221479
186.893605974
186.468369989
186.265806098
186.099855495
186.08832559
186.326724653
185.815298128
185.183912676
185.350203383
185.484068846
185.268518168
185.131472017
184.959439384
184.658972756
184.428814431
184.137543357
183.615746598
183.483064915
184.119294547
183.16653898
183.479554848
182.999195469
182.505997808
182.20439254
182.34684557
182.049726141
182.0953546
181.833785105
181.607408428
179.196937831
175.612669536
172.569937322
170.78657113
169.051372862
167.88474072
167.115005096
166.449096824
165.408845577
164.718130691
164.081883949
163.670639348
163.434193251
163.304487897
163.27987117
161.996695912
161.552919456
161.616075339
162.060508287
161.356228756
161.313210604
160.972585461
160.235925929
160.091549713
159.838138456
160.193049812
160.345776515
159.468042204
160.558704923
159.135817938
159.064902493
158.249551227
159.105787404
158.555529228
158.444520724
158.251317055
157.127071556
157.506468464
156.754080623
156.444747764
156.728582592
155.884485844
155.819220383
155.605408779
156.160143765
156.213126447
156.465713092
155.856313272
155.390298047
155.585204812
155.512116588
154.371538022
153.512011921
153.560460844
153.888848094
153.737890917
153.992464615
153.885951643
153.099671652
153.066891968
152.605177426
151.617840252
151.804051314
151.323782775
151.887289507
151.972054925
151.987046084
151.400586621
150.317119965
149.032128601
149.461346758
149.406143161
149.004307447
149.091013766
148.861793957
148.099377125
147.86499222
147.900642659
146.850250689
146.72323007
146.657159352
146.896108559
145.977864033
145.189615394
145.473369581
145.089338874
144.628336945
143.840359435
144.062507353
143.608809221
142.855296669
142.708282668
142.138948535
142.268592206
142.4378237
141.909422878
141.06360625
140.481168991
140.543465435
140.578045636
140.707306151
139.975044263
139.324358527
139.716838315
139.055972979
139.026681758
138.965492283
138.919248136
139.811966978
138.934008667
137.751388702
137.690540267
137.896063004
136.228989887
136.695474823
137.323554386
137.27542283
137.313786707
137.923966903
137.614670556
138.091765492
137.975628633
137.218160905
136.943517448
136.715283496
137.191896232
137.086750044
136.533797751
136.351800851
136.780329475
137.031401193
137.785133677
135.745394099
135.394511262
136.147266935
136.755922948
135.759997359
136.797790977
135.760025524
136.725634489
136.723817457
138.155770008
138.785142932
139.288237345
138.822827474
138.016294454
137.947514478
137.643665238
139.220462238
139.470745372
138.257373078
139.098001675
140.563842394
140.117566212
140.080428742
140.59100478
140.258665875
138.763377179
139.705583746
138.65877763
140.501018451
139.781736993
137.726829623
138.226305796
139.393275259
138.747887534
139.257636935
140.595988055
141.017224836
140.684799314
140.85332761
138.624413492
137.959486828
137.84844632
138.369265944
138.411892417
137.644548324
138.463700595
138.5261057
139.008322321
137.369247639
136.825693797
137.273219613
136.76833418
137.271458563
137.692523759
138.374260797
137.046408199
137.006865527
135.026618505
136.815888634
136.655884333
136.715978732
136.379370845
136.72607616
136.430489414
134.595326243
135.155655754
133.68497234
133.597553165
132.773838498
132.566843542
132.592251012
130.798638771
131.070248404
131.308683397
130.542319885
130.759139832
131.810602944
130.415879914
129.99014885
128.671656539
128.18188191
128.179716954
128.878825889
128.901815649
127.951143902
128.586270153
127.841693289
127.420430935
127.03595494
127.033885559
126.243901253
125.788012778
125.59507099
124.543584182
124.401259701
123.066378703
123.785299399
123.395678148
123.080852261
122.866083329
122.554508156
123.047672659
122.733205547
121.500397585
121.70593581
121.667695145
122.851098832
122.124151715
121.494633523
120.174999979
119.730660463
120.77676313
121.025701669
120.933775497
121.290212701
119.878250707
119.532121441
120.262048672
120.997490885
122.084118698
122.245560646
123.556315335
122.345611219
123.187049102
124.154018192
122.636185702
122.729226588
124.392307246
125.680826178
124.466060774
125.125397065
126.294536867
126.318392764
125.130607224
126.257017374
125.716456467
126.288146603
125.832397593
125.241306086
128.943679929
129.429290541
127.839414903
128.926191094
128.355040502
125.811020432
126.352742907
123.483852756
124.026237389
124.154433623
122.8909786
122.95088126
122.358864401
120.437317103
121.814011098
119.148161486
120.398294553
120.202099531
117.392059034
114.398527254
115.597563889
111.356735281
111.644620364
110.606846039
112.192154541
109.600510294
109.593287439
105.750126497
101.770044609
102.886048139
105.821936995
105.47332725
106.79290547
106.705760395
105.01699952
103.437348478
104.221704776
102.391420154
100.013099092
100.444893486
100.934028329
99.1072503439
99.4408394407
96.6715620386
94.6405924594
95.0237621341
91.0529311737
92.196553029
93.5757257862
89.6125870196
92.0122616396
91.4279577933
94.4406847693
92.2124377176
91.8060179027
93.6157626908
87.0155783255
84.6068365641
88.7220037134
85.1521889678
83.7837103809
85.1243932258
83.4388483016
83.6981642056
81.3815866895
84.1867139889
80.9538271489
79.7464983443
80.9419995196
78.654880701
81.4603091965
81.1216371198
79.0485180447
82.2725098754
80.9481630893
80.5414296185
78.1550824215
78.6671670826
80.4981098636
80.9768468946
77.7866502223
77.5442789081
76.3384313188
78.1929096862
76.031905481
77.0964079225
78.1353558197
78.2577442081
78.6801672013
79.0213529629
77.8541120914
79.0943763775
79.3918813348
79.7731015327
78.7219280022
79.3305904382
