13.0088166046
26.41259929
36.3367858
42.147192421
38.9320248782
41.3324225167
38.9321228719
41.5579818502
41.1069136262
40.5791199726
37.6197874679
42.5349350587
37.0335119647
40.5553185057
39.1614951123
41.7789609527
37.854122331
40.9404471576
37.1674180427
40.7286777837
40.28582397
43.0605561284
37.7050616416
40.8638228289
37.7893882813
42.1124795236
41.0680180527
43.1470593957
38.9947712108
42.38653791
37.9265770249
41.7995345818
37.7503107946
40.0010969228
37.4023369081
40.1083427261
36.7580001526
37.4781295193
37.5872317365
38.8256846098
36.5557897126
39.8926110144
36.6836541908
40.6617321261
35.883203275
36.8092818882
34.8695919604
38.3083440502
35.0706188441
38.3977892437
35.4485054634
38.2561768053
33.2340609435
37.1849025007
32.345966427
36.5172532483
33.080683745
37.4552775497
33.7473511865
39.7213934835
35.7174594908
40.4249575541
35.9458732755
41.6785142108
37.0136037956
43.1727269756
38.8212028779
44.2845458735
39.4175654157
45.3789815196
42.8033985168
46.5101122786
41.1175634028
46.3557438044
39.4740837027
45.6586513847
39.8345978158
44.2754263684
39.2949684323
43.0868266129
38.1172944692
41.508203964
36.485064855
39.7605621944
33.4971124212
36.6406114888
31.2928328936
36.3652321455
31.353217476
33.5861310667
29.9368731661
32.8690782517
28.4545368265
32.7103293705
29.1710612613
32.1097615245
27.8409494414
32.6399506668
28.4081044007
33.0440770684
28.165311454
33.0538625814
29.0811786323
34.5925327363
30.8938949863
36.9735336594
33.2399319514
38.3726572983
33.9036939679
39.0676639679
34.0873287267
37.4130755864
30.47492599
32.1016727182
27.1937835507
29.1507346575
23.6524367507
27.363592683
21.0337569098
22.9823732569
19.2210951448
21.3442720837
17.6867783874
22.636390678
18.022825153
17.9897757649
15.0530905482
21.0064360538
16.038418083
18.9148686167
13.5637913107
18.9314830363
14.5842713837
18.7555440051
13.8227360251
17.6884328757
12.6926514391
18.0966819191
12.4484113593
18.0297205291
11.9852515339
15.1246302792
10.3907730219
17.0105364896
11.9029257645
18.1017911567
12.6864447531
19.0837187732
13.9875165521
20.1044587765
14.9435028665
22.3344033331
18.2652365638
22.9360716766
17.4218866059
22.9268656967
15.8049180317
22.193055889
16.2304289562
22.2351348107
16.6560609447
20.2068140636
14.4987479721
18.7314917131
13.2183523944
19.2817941158
12.717200056
17.323013832
11.3267736469
15.6861125762
9.8174593637
14.143848663
7.98602075726
10.4377327685
4.60177636629
7.49476685635
1.80266886332
350.552047092
352.721626096
354.020406577
346.325516458
351.143735862
344.188645386
349.96217848
344.982797681
350.963300163
344.437094966
349.522744268
343.708890393
348.462293771
344.794432526
350.213463805
344.576958287
350.637002125
