13.3860725075
26.4280151632
38.2333098844
48.3674930378
56.2926813195
62.1767921508
65.2520480732
65.3650007212
66.0662360108
67.3977988188
67.3562006679
69.320143673
67.4316814544
67.9096276855
66.2404907237
67.8370242758
67.824758505
67.4241105735
67.2553683319
69.9612425944
67.9295668759
68.8716641639
66.2265591035
68.8097001415
67.2948798498
66.3800911293
67.5329711631
68.1521185369
68.5726463307
66.4632896712
67.9120769988
67.3706096749
66.6810662583
68.8224973224
69.2491752785
70.459760712
69.1907890742
70.0743457995
69.6030004999
70.2898402568
70.6525728052
71.7239674339
69.9748546482
68.639159697
68.9660545705
70.6222820273
69.7207228252
69.7770040063
67.075660005
67.3747106932
66.411507537
69.4068483627
66.2723755567
65.9549455642
65.3243823809
64.5351862657
67.7414514671
65.9243636707
60.8986559176
63.6874499327
65.4607811025
67.9055960231
68.6767183817
66.8405054363
69.2778363396
72.1484965751
71.6519145081
72.2832699988
74.9782328986
74.6287953941
73.1139262165
74.4687714125
76.9816311211
76.1837469047
75.3608925218
74.8028269635
73.3510959256
75.647156791
74.5322294528
75.9929908267
74.7066567904
74.996396673
76.4106908823
77.356148254
77.9325299801
80.7761752926
81.1194992809
84.6504809529
82.6777372029
85.737752443
86.643533967
87.0116815323
89.6534876717
90.0617890794
91.4024846775
90.9124014466
92.5978964751
95.7587201578
92.9280282622
92.7311957063
90.9332790383
93.8446956718
94.3494022525
93.3774102208
95.2152746975
97.5134810919
97.0483420179
97.0061740521
97.6379050089
96.429160775
98.7305450538
98.885908505
100.783415735
100.539030217
100.594228752
101.402825762
102.442680193
103.627035329
103.401310417
106.187553223
107.05424638
108.428276445
108.130500717
109.248171861
110.689104148
109.25369913
110.133975976
109.167659208
110.217887061
110.952092212
111.05035879
110.743084203
110.565452166
110.406509291
111.697026671
109.808017648
110.361887128
108.706967358
107.912345957
108.306949348
108.644899971
106.205597586
103.311026109
101.143133837
99.2786787682
98.6437025031
98.0239264525
96.8220300517
95.8953486876
96.0285842827
97.0777575057
98.2702682099
100.84582029
102.687046166
103.766505599
105.695858395
105.816955982
105.417630194
105.982395939
107.244356142
108.947376205
108.462823141
108.144366205
108.069203686
107.481239071
107.560221955
106.176281077
107.552703551
105.333762712
105.017374436
106.937441956
104.386361786
106.244288379
106.672789582
105.658798394
106.107747729
103.786118995
101.991050816
101.520896775
101.99942208
100.320752018
99.8941330185
99.0417881409
98.3770585944
99.7448237441
98.9882231711
98.0554044048
97.5770085569
94.0126685993
91.9174471474
92.3497608603
92.2378522752
88.9989282703
87.2564479326
83.8716087941
85.3652399248
85.7736388532
84.0761954692
85.5991114858
82.6015153007
82.9748415882
81.4504988655
82.0816084126
79.9909243358
80.7051111953
80.1838109193
79.9764475804
78.1701658146
80.6936537832
79.4554197726
79.21545163
81.5177521457
80.6027901605
80.8565113761
82.3718645872
80.2301447713
81.5778884263
83.7872217831
83.2507521074
82.746056451
82.3018361222
83.0185953836
82.5663991326
84.2254682248
83.1285146053
84.4015698472
85.0293884085
86.7266368965
87.3008757121
87.3706266346
86.8059428881
84.4681042953
84.8819991982
85.9429962823
85.3212147368
81.5809516861
82.6732827317
82.4931466608
81.463385438
81.8114808418
80.7094768113
79.4871118206
80.9706278782
81.641847868
81.0937834115
77.091223937
76.28965752
76.374344069
77.432719466
78.0742134407
77.035890865
74.226080281
74.4521212517
75.1270394337
75.7269737872
74.719897022
76.5094807834
73.3111972673
73.8325679356
69.4554982964
70.4814629908
70.6170032294
69.9038191487
71.7123847988
70.6831947219
71.4242278937
68.3961250081
71.77486464
70.0920890274
70.0233277138
70.168241248
68.2002601443
68.9401811852
69.6832707589
66.9303223102
67.2551064542
69.0624372687
73.1786511717
68.0123567706
68.8287907811
66.6472373268
66.418605808
63.9500800835
64.8762458265
66.1442799871
69.1444127842
66.0182352445
65.2378927594
63.6779112489
64.8730653986
67.871905165
66.082687942
67.7275009594
67.2341421189
65.4492363037
67.7797563903
67.509926062
67.2084935146
66.8658174257
67.8233195193
66.2683897209
65.5199660639
65.8324618456
66.6087061314
68.7047459691
68.6645694907
67.7457521222
68.9391353826
68.9470814728
71.0192598384
69.0086122925
70.3043429138
67.9995339891
67.0135272264
69.9989536977
72.97730033
71.1019154237
72.3371253682
73.0048692761
71.599741614
73.3001174954
71.2148468109
73.1297136022
74.938075207
74.0910630717
75.0901605689
75.4041003581
71.8207367469
75.2973215606
71.5697014444
73.0744679486
72.9812195955
75.8811755904
75.0709292156
77.1143044915
78.673505573
75.1156810071
76.1042793659
77.4677448815
77.628407162
74.6895983319
77.8060197937
77.4371417125
75.8384722202
78.7843942222
80.4497787196
80.6185036806
79.9095731223
79.9888251117
80.9187772269
78.3232609279
80.9202591467
80.3561114703
81.6675139259
79.8888940842
83.59552106
84.8628181535
84.7244382249
77.9973021496
77.7511979944
78.833618098
76.2676292162
77.0219876685
72.3865009828
77.6977917689
78.2830291359
79.0636326452
76.7859151671
78.8385118293
73.8210220831
75.1391693018
79.6058845366
77.2891392628
76.2318480907
78.2523213884
79.2309410167
76.9285440271
74.026104581
78.7678343067
81.5457875917
84.6261667885
83.1019995759
80.9889717046
82.613860818
80.2292422482
82.8317971753
79.9210155028
82.9525243296
80.4150051363
79.5646105496
79.934873348
77.3452622088
77.439741191
77.4956491661
76.675294375
77.0999671744
77.0757058991
75.0607611541
77.5401005149
76.0644754149
78.3427021172
77.2404054949
78.3007647908
75.2878157009
77.575085778
76.221656505
73.9504641289
74.1845570398
74.7077451378
76.6586052843
79.5887374564
78.3574878535
76.6517879581
75.6381564914
74.5829313234
72.8304155626
72.2839205023
73.3465348748
71.6823862749
70.898641967
70.5756111896
68.8654551711
68.7841997615
68.6957846763
70.2691793159
68.9676583441
67.0813446326
66.603688674
65.2710329101
67.7132413844
64.6379816812
64.4322680646
64.365714775
65.6155032741
65.4318022293
65.8849820619
65.3217879067
65.2337141929
64.3617693761
66.1245016441
65.8847567885
64.3744292531
64.5564626336
67.776318605
68.0870406378
67.0584817995
69.0645523031
71.0787669732
70.8580887505
71.2970428462
70.1355048253
73.1875185423
72.7789181113
74.1529788771
75.2288562426
75.7703326414
74.0973869225
75.3670889268
74.5091947945
75.9983871261
80.0023565261
75.9551230969
77.1628962545
76.1571398628
75.7555700353
77.4601496821
77.3188410372
76.3109261933
75.1254401799
76.2942586035
78.8511424079
80.9494252125
76.9150085488
76.594084159
75.6476449178
75.9869250144
77.728394078
77.8833027032
76.6582068414
75.8261241381
76.7368138482
76.1507781941
75.2870605932
74.8598343005
75.1408095665
72.4882588611
76.8171373922
75.3438949277
75.8143136337
76.2219925593
76.8195918513
75.1222199727
77.3362546629
78.3679126881
77.6104083654
77.0734801868
77.6086529194
77.5153228039
78.1338490738
78.7051035216
77.7720046888
78.7653165374
79.5345465847
77.3221899021
78.1705904967
78.807575349
78.3977439305
77.5611448511
77.6366797541
79.6512814644
79.7230857561
80.6302463721
79.3454888586
78.6967638484
79.2551631951
77.9473395521
79.4629018456
79.4718479579
78.1125091429
80.2166669593
80.4253816691
82.0713368655
81.4405264651
83.0491949192
81.5530006544
83.1388967294
82.8168365192
83.7678637829
84.1572389502
87.6354715809
87.1428586964
88.4345387466
89.6678723634
90.1032480387
91.4926631085
90.0055664643
90.004786902
88.7037202746
91.0806402058
93.8220682998
94.6957272866
95.2763003601
95.3036578859
95.4929922663
96.2397649601
97.4954080999
98.0096845274
99.1770449935
99.8800538411
101.445367151
101.715292455
101.468444415
102.875702514
103.412121032
104.372060547
105.311885112
106.114817043
107.006572988
106.802203947
107.144220225
107.461206268
107.889551366
